218.18888814108712 Test loss (%)
36.45993173122406 Test accuracy (%)

25.293935598693253 Kappa accuracy (%)
36.45993031358885 Overall accuracy (%)
17.92367200108468 Average accuracy (%)

                              precision    recall  f1-score   support

                     Alfalfa       0.00      0.00      0.00        32
                 Corn-notill       0.40      0.50      0.44      1000
                Corn-mintill       0.00      0.00      0.00       581
                        Corn       0.00      0.00      0.00       166
               Grass-pasture       0.00      0.00      0.00       338
                 Grass-trees       0.52      1.00      0.68       511
         Grass-pasture-mowed       0.00      0.00      0.00        20
               Hay-windrowed       0.00      0.00      0.00       335
                        Oats       0.00      0.00      0.00        14
              Soybean-notill       0.00      0.00      0.00       680
             Soybean-mintill       0.43      0.47      0.45      1719
               Soybean-clean       0.00      0.00      0.00       415
                       Wheat       0.00      0.00      0.00       143
                       Woods       0.26      0.90      0.40       886
Buildings-Grass-Trees-Drives       0.00      0.00      0.00       270
          Stone-Steel-Towers       0.00      0.00      0.00        65

                    accuracy                           0.36      7175
                   macro avg       0.10      0.18      0.12      7175
                weighted avg       0.23      0.36      0.27      7175

[[  0   0   0   0   0   6   0   0   0   0  22   0   0   4   0   0]
 [  0 497   0   0   0  24   0   0   0   0 187   0   0 292   0   0]
 [  0  21   0   0   0   6   0   0   0   0 163   0   0 391   0   0]
 [  0  21   0   0   0   0   0   0   0   0  30   0   0 115   0   0]
 [  0   0   0   0   0  10   0   0   0   0 116   0   0 212   0   0]
 [  0   0   0   0   0 511   0   0   0   0   0   0   0   0   0   0]
 [  0   0   0   0   0  20   0   0   0   0   0   0   0   0   0   0]
 [  0 281   0   0   0   0   0   0   0   0  54   0   0   0   0   0]
 [  0   0   0   0   0   6   0   0   0   0   8   0   0   0   0   0]
 [  0  39   0   0   0   4   0   0   0   0  61   0   0 576   0   0]
 [  0 222   0   0   0 269   0   0   0   0 812   0   0 416   0   0]
 [  0  27   0   0   0  97   0   0   0   0 128   0   0 163   0   0]
 [  0  86   0   0   0   0   0   0   0   0  57   0   0   0   0   0]
 [  0  13   0   0   0   1   0   0   0   0  76   0   0 796   0   0]
 [  0  28   0   0   0  33   0   0   0   0 167   0   0  42   0   0]
 [  0   0   0   0   0   0   0   0   0   0   0   0   0  65   0   0]]